-1.151856388048599911e-14
-6.321998480274260146e-12
1.780992020528060493e-12
9.118983346212417018e-12
-1.327316034860359650e-11
1.126539139750803997e-11
-3.061495501555100418e-12
4.461542246758654073e-12
-4.777289674962048593e-12
-5.506817224443238956e-12
-2.013667010913877675e-13
-1.052025133674305835e-11
1.846639507974145999e-11
-2.107625185487904673e-11
2.442968050075933206e-11
-2.781208596758233398e-11
1.221814316387792587e-11
4.389405505733634527e-13
-7.584294303697447504e-12
1.770042445947694887e-11
-1.902999979819242071e-11
2.361444373377707961e-12
5.503486555369363487e-12
-1.093736212709472966e-12
1.074848543503037490e-12
8.062134293496114879e-12
6.259409657261016946e-12
-2.026018242062832542e-11
6.603939617377818649e-12
9.745398932281545967e-13
1.537969751552736852e-11
-1.329356069668108375e-11
-7.305989146999536388e-12
1.831990115164217059e-11
-3.398303860535634158e-11
3.126832126554290880e-11
-1.289675310989224499e-11
1.731237375679484103e-11
-8.584660760035944804e-12
-5.198619312807295501e-12
1.114025538484497702e-11
-1.238144309301247858e-11
1.790861903216978135e-11
7.041180138944724831e-12
-3.573802365153255778e-11
1.399080851172129769e-11
6.774858452018861499e-13
-1.872870261654391300e-11
4.375610984652666957e-12
-2.118620556768036067e-11
2.353128802923265539e-11
-2.787936548287461846e-12
-5.988487483676863121e-12
-1.052036235904552086e-11
3.451461338954686653e-12
5.286604487508839156e-13
6.686040610048848976e-12
-1.410620925623717881e-11
1.219975856447952367e-11
1.537520111227763664e-12
-4.988801038940948729e-12
-6.923212003684398042e-12
1.626088153017235527e-11
1.283612105495990363e-11
-2.511044150388386242e-11
2.573274926476187829e-12
-3.568034756540328090e-11
2.134150495214370835e-11
7.678732649729624882e-12
-2.080308147967002697e-11
1.494188106576643804e-11
-1.514738334762455452e-11
1.277990213655044727e-11
7.885032904386690689e-12
-9.622389690600030576e-12
-1.806328697728787347e-11
4.872205416894814789e-11
-3.089446753978819515e-11
-9.199224715317200207e-12
3.092331946064064141e-11
-4.046069035368304867e-11
2.644601898582621402e-11
9.503731135396265017e-12
-1.640528164703614067e-11
-1.924113646190050986e-12
-1.178848685334799029e-11
1.482858280610344082e-11
1.449224074079324964e-11
-3.826472472212572029e-11
1.703548413445332699e-11
-3.611154431037988388e-11
2.978327307001649160e-11
1.393518633818757735e-11
-3.795760927793878636e-11
1.988971487509871849e-11
-2.767008844273277646e-11
7.921380218434137532e-11
-7.405766971890770378e-11
-4.580780199603395886e-12
7.581602012862731499e-11
-8.447748056639170500e-11
3.263694869914957053e-11
-3.104017043398243914e-12
-1.703581720136071453e-12
-3.634537115715374966e-11
3.399970582851352674e-11
-9.603262629553910301e-12
5.749922760145409484e-11
-7.232525689460089779e-11
3.428277106642951821e-11
-2.274749832942291050e-11
-2.707348581432178491e-11
2.981213886865674567e-11
4.137074710586219339e-11
-6.041270261825104626e-11
1.217698164523994819e-11
7.660849732360475173e-11
-8.066008971852056675e-11
3.309019724895279069e-12
2.956901390405164420e-11
-3.865763265054056319e-11
5.572825534372327638e-11
-3.538550008563845495e-11
-3.237884960149983726e-11
4.719452606494201063e-11
-6.082634396165076396e-11
-2.783817620866102516e-11
4.491235161552253885e-11
-3.176481300215527881e-11
2.112210406579606570e-11
-4.398972852648341814e-11
-1.331389165581953193e-11
1.005492598904478285e-10
-4.873834669183452206e-11
-3.015432348263402673e-11
4.504485673351155128e-11
4.159900202083122167e-11
-9.613895790572257738e-11
2.086941730539138007e-11
5.178724116206012695e-11
-4.204094017357107305e-11
3.892466904353852897e-11
-1.106604530232146999e-10
4.260231056818497564e-11
6.117967243923772003e-11
3.253788904977739094e-11
-4.528476205134523980e-11
-6.415851183660947754e-11
4.135153330864227428e-11
1.744182576146613428e-11
-4.531343356095618446e-11
4.672118247839307514e-11
8.762623959768234272e-11
-1.401250226962247325e-10
1.028093721266998273e-10
-1.791995718480876576e-11
-8.385780958519717387e-11
1.159126544747479670e-10
-1.421040368709824975e-11
-1.171799601795697754e-10
1.503358548760047597e-11
3.028249873082700105e-11
9.089784480664775401e-12
-4.763189842549309105e-12
-4.022515653900882171e-11
1.642888047825863396e-10
-1.828829310213109238e-10
1.122559267763278967e-10
3.588551678035400982e-11
-1.142491656835886715e-11
8.907352633258369679e-11
-9.531525568817755811e-11
4.026357025566085213e-11
5.158562466078819853e-11
-1.232173668652691845e-10
8.747674806741656539e-11
6.487255177489714697e-11
-1.977533588271018772e-10
2.813977939553069518e-10
-1.505631730402967605e-10
8.985207022860208781e-11
-1.337071564577740901e-10
-8.104239501705023940e-11
1.951167491465177761e-10
-1.326696530412618813e-10
1.109244918140461778e-10
-1.707725627575484850e-10
-4.967470879080337909e-12
2.457734571414960101e-10
-8.657070893480778295e-11
-1.997806087228326533e-10
3.253818325887891660e-10
-1.711277786142773039e-10
-8.875522539142366441e-11
1.453407949547624867e-10
1.399637072907466973e-10
-1.795201626242359794e-10
1.067863575343608318e-10
1.829995321944721809e-10
-3.015211413881502267e-10
1.385572212520003177e-10
-7.612188657191154562e-11
1.614210154432527133e-10
-4.588713159447976864e-10
4.416031984533219656e-10
1.950007377793383512e-10
-2.991965147858266505e-10
-1.054745180084637468e-10
1.863863230422424522e-11
1.287206452538214307e-10
-2.926374975675827272e-10
4.309135825941723397e-10
-1.571565239055772167e-10
3.705766249417763447e-11
-8.067734674765958403e-11
-1.984649389275006115e-10
4.817744814200608516e-10
-6.948253361560574604e-10
5.145807946416169898e-10
-2.547564659227674611e-10
4.734621028568142265e-10
-6.705715982491256000e-10
-7.388059608537389522e-11
6.930703233543056285e-10
1.345293876298114810e-10
-3.812362647792610915e-10
1.738493793368434126e-10
5.471009756341516095e-11
-2.987059211090326016e-10
1.342756600353212093e-10
8.491759587170299994e-10
-3.135984805169300671e-10
-5.445107698065498880e-10
6.633235904995871124e-10
-7.722468775561708298e-10
2.925103492756875312e-10
3.956107663682928433e-10
-1.085301848391395652e-10
-8.166567422307480228e-11
-2.088038630887467662e-10
-2.297004808582414626e-10
3.481426813500831940e-10
-5.312128237289215349e-10
1.024116735859337268e-09
-1.416113892815928921e-10
-8.922168004410480080e-10
1.531947069199901534e-10
-9.667766587284631896e-11
-4.165176953341287458e-10
8.234852244548562794e-10
6.110235928336038569e-11
-9.593139893571134280e-10
5.990030138569579776e-10
-1.369462321321179843e-10
1.913991187763031121e-11
-4.336004472138554888e-11
1.002260649474173704e-09
-1.268019717004520430e-09
4.842828221773842756e-10
-4.194885619424049139e-10
7.373583688075058262e-10
-9.102373438318878129e-10
3.104620449612127686e-10
7.644938709860937820e-10
-1.457111542535471926e-09
1.415919381742014593e-09
-2.487362538161619341e-10
-8.490726732812703403e-10
5.646548228988024221e-10
-1.618933667679733901e-10
1.762578138997383803e-10
-1.676894956226249178e-09
2.085524197781296607e-09
-5.313712247989599291e-10
-9.544997292554313617e-10
1.107265848454552781e-09
-9.224761510218115745e-10
2.070760674044436200e-09
-2.317477654223409900e-09
3.616762445091126210e-10
2.424993539307251922e-10
1.774122238007436181e-10
-4.015181798155964543e-10
-8.387051053659888566e-10
2.270390875303007761e-09
-2.802341768359806196e-09
1.244925079690872849e-09
-5.999315766391788429e-10
-1.132677507342805256e-09
1.568523658179721281e-09
-2.338960136682999291e-10
-8.854269678559845147e-10
9.823780400264325863e-10
2.343849177244283766e-10
-9.023020663967429300e-10
5.242769274271807944e-10
-9.850209536921283870e-11
2.248982222674555942e-09
-1.772421834300708099e-09
-1.244175901193855793e-09
2.735248971763581949e-09
-2.651272507092627961e-09
2.268346038780677532e-09
3.823517336076776019e-10
-2.920770292291763326e-09
2.126842285621322048e-09
5.350296872208559762e-10
-1.745699085287100161e-09
-1.634575808040494849e-11
7.547000246965751558e-10
-1.302921992518690786e-09
4.299222922110601530e-09
-5.704569523354297012e-09
3.934457551424408450e-09
-2.189085676618240939e-09
-1.814897288010541843e-09
5.151874676867507219e-09
-2.180782325555963297e-09
-1.475709415776904621e-09
2.757795991570333172e-09
-3.794432067161235267e-09
1.868933723059296170e-09
2.013934269351480566e-09
-1.004452077069117877e-10
-1.963696871776221542e-09
1.767365264554454640e-09
-2.088269644880125231e-09
7.383381961378887581e-10
1.555378770223825313e-09
-4.210824605666019238e-09
3.524549624378536805e-09
-3.767748838617857032e-10
-2.199072110607019903e-09
3.806610721079906057e-09
-2.079663413701027253e-09
-1.312986004642358040e-09
3.601438029743331271e-09
1.291591028573790823e-09
-1.768884920483326795e-09
-1.117125281169251139e-09
9.476754103676654495e-10
-2.023000423428955585e-09
3.883972921059353212e-09
-3.153399930067024570e-09
-2.591182490796484217e-09
6.501339244735504508e-09
-4.344437309899973343e-09
4.056850189115834837e-09
-5.817027581844769202e-09
1.146661834927620305e-09
2.261149600890632883e-11
4.876755652083453185e-09
-5.835579047763772564e-09
3.552964034092553902e-09
-5.924851664840247167e-09
2.929133324780508474e-09
-2.463131837382448452e-09
4.272045439623894936e-09
-1.943369604129330241e-09
-4.074777903984028171e-09
7.109878699673721769e-09
-7.510801425247848329e-09
6.958951082047803993e-09
-3.089228040042968360e-09
4.700263738985355211e-09
-5.417862825041197539e-10
-9.470126904886910779e-10
-1.154020545790501728e-09
-3.979395717459977000e-09
1.028649297685202413e-09
9.739568984645785577e-09
-1.636209723265835692e-09
-7.001253257699069366e-09
-2.074070012958451059e-09
1.833032892140096237e-10
4.948122842018953804e-09
-1.313761156633563854e-08
8.280962235374111913e-09
5.933984692507721093e-09
-7.666150658725001676e-09
6.724482692899158565e-09
-8.317586619455141772e-10
-7.382698063995718485e-10
-9.543384027477230802e-09
4.417313154148061471e-09
1.170212435286366315e-08
1.528202703271475116e-09
-2.177873525965878798e-08
1.012035102943009690e-08
8.343892521356366387e-09
-1.042418845687009821e-08
1.434417656875908165e-08
-1.376826541665820969e-08
3.441183865637853501e-09
7.434804688566387654e-09
-2.431326112661835737e-09
-1.211200928441513724e-08
1.427410568216602726e-09
1.049414388720748548e-08
1.193669327270718838e-08
-1.906139801555184476e-08
-7.054665351891031833e-09
4.202991760182683834e-09
4.947461884619031025e-10
1.899745068201230680e-08
-3.336085518945708372e-09
-2.240354748939132890e-09
-1.445823752388442074e-08
1.900526014342318604e-09
-3.473041354506989364e-09
4.082573057395677552e-09
1.978509944766670969e-08
-2.539139543067392424e-08
1.661429632759947594e-08
-9.891923113958256408e-09
-9.735837344648778924e-09
5.445777901541548616e-09
-3.377895255174401257e-10
6.993334113192251067e-09
-8.766686820926850032e-10
-8.590821831688799648e-09
2.707994449513417834e-08
-2.224979980813834857e-08
-1.131205665597101451e-09
1.576939672245925017e-08
-1.543892852451378417e-08
8.061198403241931487e-09
-4.729510505452338975e-09
-9.929981836798162931e-10
-4.252697638484903564e-10
-7.291109715978905115e-09
2.169805474183661431e-08
-2.924656089531296743e-08
2.398443715856402036e-08
-1.883336347985320458e-09
-9.647207754870379404e-09
-1.923472714437934883e-09
9.033329528840283729e-09
-7.981012961622013790e-09
1.785882630667146032e-08
-1.283115153016822774e-08
-4.652812912731008055e-09
1.499399476800888920e-08
-3.144498308960130828e-08
4.039613858697332915e-08
-4.616297796800061803e-08
1.778237540550620110e-08
8.091078307348453791e-09
6.171991751013905514e-09
-8.120746075590545843e-09
-1.626070939009238714e-08
2.580610092284274515e-08
1.253105794130071615e-08
-4.684486543116150870e-08
5.379150253004283400e-08
-4.532475766580446042e-08
2.491660112957649886e-08
-4.862657822235494365e-08
4.262795259835083783e-08
2.518797861950083927e-08
-6.260609181074627827e-08
7.004801239052227402e-08
-8.403428480852070948e-08
2.028372070306261321e-08
6.300669111447554371e-09
2.397346143823142484e-08
-3.824863942236689240e-08
4.337432302214949686e-08
-2.936463694425128779e-08
4.413332618542070707e-08
-6.100031368916347674e-09
-6.380223399604645351e-08
8.071649498786470645e-08
-6.295010290813252141e-08
3.026667891314893666e-08
-4.103180933912042860e-09
-2.846252079857780615e-08
2.775857729786501693e-08
1.187710807482034170e-08
-2.402484344798949678e-08
4.299478603697615142e-08
-3.225375486137771475e-08
1.258544418680784815e-08
-5.554683796260562190e-08
8.339974735815935958e-08
-2.642634888694317397e-08
-1.176330970131811426e-08
9.462722827535685610e-09
-4.334783726411828297e-08
9.673434117618562311e-08
-5.951311499163836061e-08
2.348997507617411884e-08
1.708429953062307050e-09
1.501438467998994497e-08
-1.305907600633593457e-08
-1.245804998051269763e-08
1.951557135337900206e-08
-1.042567357445456366e-08
3.472833476347858550e-08
-9.002820891730600739e-08
1.512359699418208692e-07
-5.675012410000235263e-08
-1.411697110875742567e-07
2.069875572469070946e-07
-1.303921184359069230e-07
8.374185533899236589e-08
-1.554541928169839160e-08
-2.002259776034964744e-08
-7.744995175751334671e-08
1.275036278086671970e-07
-9.683696022833032657e-08
-5.061914183646099019e-07
-7.404409711919690551e-06
1.470373191941876101e-05
-8.986826313339690842e-06
8.667878252488492308e-06
-2.134922330770949728e-05
2.339701632915469620e-05
-2.147481400766038107e-05
8.994828790243047933e-06
-1.973604401114825713e-06
-1.129826362192276612e-05
3.424839057997175473e-05
-2.133233798529143854e-05
-1.436998617182494442e-06
7.237377429011870866e-06
-2.278523000678531196e-05
4.249004127152011812e-05
-4.272373191552270022e-05
7.206648302698903663e-07
1.728490154045969618e-05
-5.275372479351947419e-06
-1.145036855042247392e-05
9.940088461252161167e-06
2.358246045225387277e-05
-2.413254241839801750e-05
2.308381876053866577e-05
-5.930141106430530940e-05
2.922190552429038135e-05
-1.840476486120179445e-05
1.249763802457781736e-05
3.932998374073237713e-05
-4.449957210450605771e-05
-1.982614640060401112e-06
1.008276007552211251e-04
-8.667873587681063086e-05
7.714467419442372353e-05
-3.174303021169500028e-05
-8.985118684906590047e-05
1.702449197444107915e-04
-2.166148354603714132e-04
1.324594390167688207e-04
-5.970438897051275062e-05
4.599686870404573469e-05
-1.224677357533621169e-04
1.424917637880551702e-04
-1.640716163312100351e-04
1.986461671134309714e-05
2.651306157694377497e-05
-3.695471232828539954e-05
2.623696498549321632e-05
4.473344851824156976e-05
1.213424767110005131e-04
-3.440223348541993076e-04
4.105883642790408850e-04
-3.167991707047068672e-04
2.583497265131462495e-04
-1.701879363808778134e-04
1.425513562157698644e-04
-1.417492602160397297e-04
-1.530256417126008017e-05
3.197125895082475466e-05
-5.321381707969197183e-05
3.309889798253640159e-04
-4.999192939854624207e-04
3.473914099566544067e-04
2.139260807450249491e-05
-2.246135423321499180e-04
-2.913351521410117995e-05
-3.733763603769868489e-04
3.318529553542060029e-04
3.382410110581990370e-04
-5.170473063870195674e-04
4.264401421978369910e-04
-3.275620134227663627e-04
-8.914458725658991334e-05
5.626784843947296721e-04
-6.090334542044884003e-04
-2.703532453973873928e-05
1.729523204533900405e-04
9.262736882224842372e-05
4.701633251441572625e-05
-2.524072560270984589e-04
2.084027742694366525e-04
-9.655152876103523241e-05
-9.267551946301466614e-06
8.619344381272098232e-05
7.314020705181945026e-05
2.372131163047019875e-04
-1.271174316878814770e-03
1.610305310389460037e-03
-8.869044012715793235e-04
7.149351389515376520e-04
-3.396155047736479360e-04
4.970022636809900973e-04
-4.791172710060312423e-04
-4.644300279708912793e-04
9.257211913893115263e-04
-4.713437107351989286e-04
2.760994916469194926e-04
-5.538252364146178941e-04
1.397066562818037594e-03
-1.172283338131054065e-03
3.401413056804691859e-04
-3.577925586774055589e-04
5.415867129150431225e-04
-7.789713999601932670e-04
5.221088440438559353e-04
-3.073001432875865913e-04
1.586119439268562914e-04
-4.005570993690921178e-04
1.119380804499761628e-03
-9.761696719193385663e-04
2.539453799958318880e-04
5.701144871567420669e-04
-8.296878685943309684e-04
6.051386888897836158e-04
-5.187143292998130928e-04
-3.610329492788333372e-04
2.957908750463311698e-04
-2.250907647661226640e-04
3.941605566718797693e-04
-1.135480016702383743e-04
-1.944992472666107197e-04
-2.116719991825943836e-04
-5.835099726841930234e-05
5.949909824498611499e-05
3.557088427564858435e-04
-6.849307157862083439e-04
2.782265732464428432e-04
-4.324213072364191390e-04
2.359644229119606251e-04
2.630210803960530974e-04
-1.455292943785213566e-03
1.061604026012352708e-03
-1.497631860712583807e-03
2.618712421398765311e-03
-2.226458945899834757e-03
-1.041097240449539996e-04
4.531114772884925479e-04
3.272518666681267785e-04
-7.990768548034044017e-04
7.955534145855612527e-04
2.263437391948341926e-04
-8.153575147432645664e-04
1.258631504852097266e-03
-2.590771646105605175e-03
2.728036533913624773e-03
-1.211086194696658208e-03
-8.756234324729383900e-04
1.677612100803305140e-03
-1.508818609883832984e-04
-1.649928876916118003e-03
-4.593221184003293267e-04
1.017791594148609313e-03
-2.272100078861694072e-04
1.562409114632248852e-03
-2.671518571593645142e-03
8.874516603655790981e-04
1.031746038810260613e-04
-1.102918587559689745e-03
1.999639845057049614e-03
1.118440097788775400e-03
2.778854377848000157e-04
1.561418801587222127e-04
-1.204246639276151942e-03
4.035221953440498721e-04
2.021488478614885675e-03
-3.693825471267730975e-03
1.891061779292435574e-03
2.695394845499854419e-03
-3.462657633766352827e-03
4.313967823163233906e-03
-2.666432545111452335e-04
-1.932577675995528210e-03
3.468885621981498968e-03
-3.209978564719495608e-03
-5.198511779095915664e-04
4.349216301757025116e-03
-6.259812095508632268e-03
7.434883484659093877e-03
-7.625574170839921617e-03
5.513605240909658090e-03
-3.225193624571909279e-03
1.466344829679833150e-03
1.703367548352818783e-03
-1.935733925366861508e-03
2.260112755974749699e-03
-4.461434771989236658e-03
6.320373377475929644e-03
-7.972241392949316885e-03
5.074297000985765471e-03
1.796124012085564825e-03
-2.828035708883541721e-03
-5.584128718087860710e-03
4.496767364453597982e-03
5.763165347484749956e-04
-4.355727847656698515e-03
3.245659842824710761e-03
1.682253023167448736e-03
-2.963037029093951169e-04
-4.039562667526017115e-03
-1.273676069159235258e-03
2.434076611241342558e-03
-7.288172054373487363e-03
8.836590967777932515e-03
-4.346141647816541276e-03
-1.423464427323967163e-03
2.702059384711574808e-04
4.850428304686182912e-03
-6.627518281573183817e-03
7.272346485782760217e-03
-6.096405131568061186e-03
3.277854552389186660e-03
-2.263448939800349891e-03
4.401260382917077107e-03
1.194281900129393059e-03
-4.867330521928531217e-03
6.376634989384503960e-03
-6.610656390495406320e-03
6.280091501730478143e-03
2.183414770542402294e-03
-3.935373308047995788e-03
-1.325732664355427914e-02
3.338318405151363688e-03
1.005966661888840763e-02
-7.323417410250998572e-03
6.335088805423549907e-03
3.392717046528742619e-03
-1.441773059482137631e-02
-4.099403009285657040e-03
1.445490224337106500e-02
-3.265834893059260668e-03
-1.091316748579762574e-03
-8.466213852643678095e-04
-8.902521998644982726e-03
-9.651347588862102533e-04
-4.740681905382182482e-03
1.353506404670323446e-02
-1.120646181619941451e-02
8.518862464803239609e-03
-5.564794700830461016e-03
1.035392079714192448e-02
-9.317271989639830387e-03
-1.720487903370304661e-02
1.729085643803240924e-02
-8.145061887400023570e-03
-1.443720479963495062e-03
1.053452598568846432e-02
-6.625906273379791878e-03
1.005434884186644229e-02
-1.446055542815988249e-03
-1.293323355552113141e-02
1.374986858701368608e-02
1.490835879984397927e-02
-2.347022945038525210e-02
1.274896831796953900e-02
3.432384467337790124e-03
3.515583991213912241e-03
-2.199496799175060247e-02
1.016987832400761960e-02
8.678201211010344585e-03
1.803646666935665444e-03
1.494728617995347286e-02
-5.955621342188444078e-02
3.178717647408811631e-02
-1.284409603382599685e-02
2.344373709658331695e-02
-8.997234904964557939e-03
-1.828068221890799538e-02
5.156152107764419568e-03
1.111551149820866335e-03
2.540907475368781032e-03
1.196150395248629650e-02
5.725554259874365837e-03
2.333896824645548262e-02
-8.486174047938443987e-03
-2.077626066330229282e-02
3.554832114330430670e-02
-3.144055554838960653e-02
1.883691315552114137e-02
8.128334200290909806e-03
-4.470890061331404125e-02
6.909206646838739196e-02
-5.414558790983187153e-02
1.177172052571584526e-02
-5.952174675914301272e-03
1.835634144921083344e-02
-2.333858201636787588e-02
5.470106649408931765e-03
-4.624982170136235360e-02
2.760548653013822351e-02
2.535589141750771436e-02
-3.486599136768558233e-02
7.585935898564605262e-02
-8.302127499599092075e-02
4.578619080034888877e-02
1.637478614449683345e-02
-4.478637994138676137e-02
3.494672002207011019e-02
-3.031576159917440116e-02
7.876050565737091613e-02
-7.424642304454172337e-02
2.219015021749703998e-03
7.773688480939570933e-02
-9.914832848612042948e-02
4.719628572977568881e-02
-3.798473298874071452e-02
5.546057896130512921e-02
-7.063042620642528968e-02
4.470652962672483355e-02
-1.506992508009474818e-02
2.514010976133415620e-02
-3.944834881865139087e-02
5.831117796419676980e-02
-3.261434764810550169e-02
3.470537916382479549e-03
-5.857913792849134271e-02
7.217231370075236074e-02
-2.021538381583282140e-03
-4.952981477983266212e-02
6.401278616009470346e-02
-5.579401707027031865e-02
6.134566649689032758e-02
-8.612759741787956447e-02
-2.062048764524715416e-02
1.374544146451072146e-01
-9.604679274424431090e-02
5.913901631211693211e-03
5.205769018487560462e-02
-9.390772390075804998e-02
7.230442647355232733e-02
-7.622928645570486994e-02
-1.040320073512981947e-02
-9.054374329356670859e-03
1.175638392859308795e-01
-2.792380655539743461e-01
1.754810372552816355e-01
-1.612846671269373144e-01
1.831575395928771721e-01
7.435396329114019043e-02
-1.998576602810535618e-01
1.124176882402786182e-01
-4.258948769127682277e-02
-2.198739841938124329e-02
4.790537974137246136e-02
-7.112575675953954069e-02
1.612751233398443118e-01
-2.352413481524429084e-01
1.886721904750074674e-01
-8.189723695417831795e-02
-7.214120717899641377e-02
6.253041065361919504e-02
-6.129294938478530019e-02
-2.096859155172886569e-02
9.949431331245274512e-02
-1.218176899642435113e-01
-5.187725678316892908e-02
9.000458901707272807e-02
2.106722277866598936e-01
-2.261512914939072805e-01
8.324424271225697169e-02
-4.325727491986819037e-03
3.575346759536517094e-02
7.321138733052899583e-02
-3.568685778509658735e-02
1.053057799499069469e-01
-3.063087454060053894e-01
-5.766081266429032293e-02
3.520302253412099791e-01
3.345412271814135474e-02
-3.224874488251773252e-01
1.360205427457084337e-01
-1.090179464220375483e-02
-1.891333236759173142e-01
2.350237868175973355e-01
1.855337418274678463e-01
-2.765404888800157002e-01
-1.293564971782747430e-01
4.109372833954683113e-03
-2.684470064142518986e-02
1.024879182019655666e-02
2.415247242184069276e-01
-5.316476144623320799e-02
-3.797766294052662417e-02
-3.669610690704588896e-01
3.781904334070099738e-01
-1.363851008629438921e-01
4.825680603340264108e-02
8.903421895724988877e-05
1.338826265802123272e-01
-4.547016867037032561e-01
4.947788405232409481e-01
-3.884691423002445410e-02
-5.787478008549991060e-01
5.771499696681712255e-01
-2.916209832254819112e-01
2.772235616276632619e-01
-1.351701513032912971e-01
-6.339085277603487278e-02
2.579350301233958587e-01
-2.373658206037627394e-01
-1.992943205587935362e-01
4.327628975170186854e-01
1.103048038458326330e-01
-3.427685943298287574e-01
6.181362996148377642e-02
-8.170238049245166778e-02
1.003634191959859451e-01
-4.035776179812641806e-03
-6.019503069845580367e-02
4.194057192275323365e-01
-5.593869940844865551e-01
2.260284753973095806e-01
-5.000414526513203839e-01
2.999446234052078331e-01
1.145882125026046749e-01
-3.380439578864269379e-01
8.503749188029375849e-01
-1.066173676963992678e+00
4.384745810011408396e-01
-6.570565393187715042e-01
4.099821596133861323e-01
3.648015464730562929e-01
-4.430399031087342010e-01
3.501635113646665576e-01
-3.068017129364834505e-01
-2.217307050388082623e-01
3.910331488154277224e-01
1.262562585275057436e-01
-9.921718171438731471e-02
1.301589745788915564e-01
-4.185290526020822299e-01
4.295358536673937744e-01
-3.120128713028861855e-01
-1.999344351868517777e-01
4.858046020205554205e-01
-1.502290125477525051e-01
1.246397045660058156e-01
-3.448790140246651426e-01
3.397640685980465869e-01
-1.191273702532602008e-01
-1.190892022351116575e-01
1.543979748484176073e-01
-1.177274000725741648e-01
-6.130173652581771826e-02
-3.087262662852818806e-02
3.507211732242457858e-01
-2.642211095771774820e-01
-1.730282345581698744e-01
-2.394938802065615380e-01
4.848387845013261144e-01
-2.934306550220245335e-01
3.575962902912593888e-01
-2.600278511524119207e-03
-7.881352862902678558e-01
5.972355871986965159e-01
3.428446946295127251e-02
1.717207274396121419e-01
2.106566276904941470e-01
-6.277814176955099912e-01
-2.105557855865486383e-02
4.535383901096967096e-01
-6.791326655802381040e-01
5.022989506221988698e-01
2.275370920233570626e-01
-1.043098171199120960e+00
8.942446451781247418e-01
-4.643221871944078760e-01
3.956163653853007611e-01
-5.587920102946719592e-02
-3.927869974906535999e-01
5.845145719522479855e-01
-6.227168375172464909e-01
5.006146999990136459e-01
-4.845222395619476763e-01
2.286657532252500125e-01
7.192631643992075663e-02
-1.248473055294608280e-01
1.670772513292390626e-01
-4.041032619825289940e-01
5.902045603358441195e-01
-1.110542588401241815e-01
-1.095533596953032762e-01
1.540774816653091572e-01
-3.850064017032722719e-01
1.525645122712125101e-01
2.326639744888157613e-01
1.277394625307066989e-02
2.697137593420207424e-01
-4.599947208646217867e-01
-2.411725280507507341e-01
2.149027859613630853e-01
1.313393266984029251e-01
1.314175454717508573e-01
-1.520876410851836891e-01
-6.283976709665574367e-02
2.548123733872398877e-01
-1.748512366928770823e-01
1.412681771438782652e-02
-4.703241752266478781e-01
6.467224024850801722e-01
2.712702602950134989e-01
-6.837172939719672327e-01
1.642396292213386677e-01
-7.042356641288938235e-02
7.612072139404188476e-02
7.076634059461038573e-02
-4.789347709189364227e-02
2.401074914090590429e-01
-6.184683291354985402e-01
1.416320838064125398e-01
5.551586069978192706e-01
