-3.949618410103994393e-12
3.866851283618188972e-12
-6.013189945974772854e-12
-6.827510778961709548e-12
8.890638225622637947e-12
-7.333467166859009012e-12
1.261260540452724399e-11
-9.723888361179433559e-12
6.567357768716419741e-12
1.297073559669570386e-12
-3.025940609191479780e-12
1.097354151990970195e-11
-1.048758302424346311e-11
3.680167282027468900e-12
-8.876562679338562134e-13
2.759903416915676644e-12
-1.128874771438859170e-11
1.568556395881159915e-11
-4.066275094416482716e-12
-1.869907007012727718e-12
-8.952838470577262342e-13
1.082012257569431313e-11
-1.322894571664789964e-11
6.655648254749735315e-12
1.863725840323127159e-11
-3.631051015418051975e-11
2.926914266510038942e-11
-2.527239528760105713e-11
7.233325050037819892e-12
1.150507467073680345e-11
-1.683339578839593287e-11
2.469616178224498526e-11
-3.172340168333676047e-11
9.486605945241421978e-12
-4.758235472301919344e-12
6.415312725494004553e-12
-1.889122192011427614e-11
3.331460107780515045e-11
-8.120448757864551226e-12
-6.130540519677651901e-12
8.843731302832225083e-12
-1.505684465996637300e-11
2.359196171752842019e-11
-1.629810175707291364e-11
4.493905247926477386e-12
-1.962247031528363550e-11
2.465189163913805714e-11
-1.644442221282460537e-11
1.152816730964900671e-11
-9.771627951238315291e-12
-1.069377919549197031e-11
1.745348310322469843e-11
-4.014566457044566050e-11
3.813460658363965194e-11
-2.431443935080324081e-11
-9.205108897347713537e-12
5.958886162282794885e-12
4.167319267445179776e-12
5.264247371350450067e-12
-1.409850014510993788e-11
2.856131997575062087e-11
-3.334527098886042040e-11
2.775717850012071608e-11
-3.473388243691033495e-11
4.826072874664077972e-11
-5.074196618437554207e-11
3.431377404439217571e-11
-1.121019943539636188e-11
3.035460771627640497e-12
-2.062963688764796188e-11
1.669997473641160468e-12
4.118577701106573841e-11
-5.291345139823988575e-11
2.166533619174515479e-11
-8.727796263485743111e-12
-1.046385200709210039e-14
1.289451878605518687e-11
-3.427685912882338926e-11
1.753852618691098542e-11
2.232475315722126652e-11
-3.378530788467060120e-11
2.842348578724340769e-11
5.973138650361420332e-13
-3.803356241061095488e-11
3.849337515404727128e-11
-1.769051571898216935e-11
1.618427614147321947e-12
5.343447906369647171e-12
-7.329170603753709656e-11
7.572739657568661187e-11
-5.680535208885117981e-11
4.362751826469946081e-11
-4.646016904530370084e-11
2.610600624564085592e-11
-1.177528907714275874e-11
1.474176336557775358e-11
-8.481479407684844318e-12
1.559419260388494877e-12
-4.336409009653152680e-11
8.793854533450939925e-12
2.985955926959604767e-11
-3.907268952829667796e-11
6.899709970031864259e-12
5.899447597101925567e-12
-1.081529310553719370e-11
1.752625822248887744e-11
-2.027844558938340924e-11
-7.104816734937458023e-12
2.358842982053133142e-11
-2.143940580623393544e-11
3.545014282124725469e-11
-2.024247436338555417e-11
-5.282535520123587958e-11
8.696160458399049276e-11
-3.987021823803615916e-11
-1.789679515695752343e-11
6.516370776310509427e-11
-6.396255747276313741e-11
2.478162119956550669e-11
5.682088133340812419e-11
-3.248859514748403399e-11
1.516465425455137961e-11
-2.127046455635550615e-11
7.217698660966220814e-13
4.930569841299359268e-11
-1.227564716543838585e-10
5.781172762731046078e-11
2.355170225509795046e-11
-1.172064528764948932e-10
1.224738366278899093e-10
-5.435209227133697141e-11
1.097960611318171686e-11
-2.135319698837179203e-12
4.374434148246564291e-11
-1.344169220374169527e-11
-6.577344224822923024e-11
9.917572318940415244e-11
-2.775414273403775667e-11
1.297059681881762572e-11
1.284888861974309293e-12
1.024746953959265738e-11
8.533396211873878201e-12
-2.859956715894895751e-11
4.113789864312877853e-11
-6.952868836229697536e-11
8.678474605616770532e-11
-7.817957392575181075e-11
2.787650665858620869e-11
4.880537640694626589e-11
-1.676497690672462682e-10
1.543001837411850374e-10
-1.222170697978697262e-10
8.114742211517977921e-11
-6.180223000029627656e-12
1.313792685753156775e-10
-2.008188615398864840e-10
1.028055765517343900e-10
-9.312162152497194256e-11
1.501818669424892505e-10
-9.140199708213003760e-11
-5.595621882514834056e-11
1.451317954703768009e-10
-1.024698659257694544e-10
6.162675925125427057e-11
-1.004527572234792387e-10
1.103420202430704933e-10
-1.337506216891881650e-10
1.424710210917723430e-10
-6.588602927126707698e-11
-1.693575835126637230e-11
7.104347665709553894e-11
-1.317894404717634416e-10
1.096710500192443760e-10
1.894324974660577254e-11
-9.387723931553182410e-11
2.012306987708711858e-10
-1.188226947390624844e-10
-3.297509487687477758e-11
8.832573561434742260e-11
-7.337326579648362213e-11
-9.721606852863828863e-11
1.909261637678127954e-10
-2.682870592352060157e-11
-1.052366804810134226e-10
1.221167889031704590e-10
-1.344979683182145891e-11
2.359764605941450100e-10
-2.182577174547617460e-10
1.990669851181792183e-10
-4.743805348539353872e-11
-3.901295952957184454e-11
7.188755146714242983e-11
-2.086459512107285974e-10
1.473285382580513669e-10
-5.535508162957114564e-11
-1.145178396555479594e-10
2.471063353937097418e-10
-1.260923032653238351e-10
1.140677552413649209e-10
-3.795372904846772144e-10
3.885950450310815540e-10
-7.017020298150100643e-11
-5.781131129367622634e-11
-1.288931184006969488e-10
-1.463723586780929509e-11
4.488269755853480092e-10
-4.223768002020733547e-10
2.395046383441012949e-10
-1.956186601592690977e-10
5.475891962092305221e-11
1.217734801883807449e-10
2.133158649719746336e-10
-2.539310706151098884e-10
-1.222963674774035781e-10
1.296531215722040997e-10
-1.035088334488953876e-11
-6.726247336885649020e-11
-5.302687455799315330e-11
1.312061015390497687e-10
-2.076950833540536223e-10
3.898771305799186848e-10
-3.432749917653410421e-10
-1.583526018644754174e-11
2.695881295977642367e-10
-1.319037656877242171e-10
-3.455585817491169109e-11
9.059697436697433659e-13
-1.760444012788298096e-10
4.238831508018847671e-10
3.042893714777505920e-11
8.127480286002075616e-11
-4.002997933127971919e-11
-3.386637636992873013e-10
7.722779082897091030e-10
-8.109156957036844915e-10
2.293427669997072371e-10
1.097666402216646020e-11
-2.434195484068979454e-10
1.726185860917439641e-11
1.734686838616994464e-10
-3.072569976225736355e-11
-7.751539410350005710e-10
-2.355929895614394809e-10
1.168278050689419700e-09
-5.350575538187740676e-11
-5.428887339675725343e-10
5.035082281668046278e-10
-9.685875435039292825e-10
6.192046875241885573e-11
6.953541076271108068e-10
-3.387889413453137877e-10
5.500040423100927001e-10
-5.308917194746243240e-10
1.746284228332228849e-10
-1.681702832545539650e-10
2.344906491202891630e-10
6.776489092086279697e-11
1.858661835552055663e-10
2.650518693414483096e-12
-2.553540504046658555e-10
5.303387659583158609e-10
-1.077702399543412071e-09
7.818135028259121100e-10
1.682654571233399565e-10
-1.558045081839765089e-10
-2.858012576600899024e-10
9.812929913088908052e-10
-1.577606267844089416e-09
1.053292623259816096e-09
-1.235129443166727015e-09
8.198488554711502729e-10
-1.399031446247533950e-10
-5.483286602547821076e-10
5.553019710724527158e-10
-1.035939611870873023e-09
6.703603228075394327e-10
3.775923740345632496e-10
-1.088737489052249430e-09
4.083925142506217298e-10
3.984426677483554613e-11
-1.126795878825248565e-10
-2.689403699740466891e-10
1.840120084084517771e-09
-2.164498968948436186e-09
1.583623426837377224e-09
-2.356872447206725951e-09
1.316391801120531113e-09
5.264783609071344017e-10
-2.840243873425407628e-10
1.016466910641611321e-10
-1.533151716692771060e-09
1.255132581201579001e-09
-1.589172196614363486e-09
2.881688956901662380e-09
-2.087923889337872652e-09
1.231038160298680850e-09
-1.990124370854218228e-09
1.139378175141203542e-09
-1.729483500856332512e-10
1.283067596613562955e-09
-1.952816464090290083e-09
-1.207234978650717494e-09
4.117170217601828774e-09
-4.507818784915684773e-09
3.402549353381800756e-09
-4.544730702882304740e-10
-2.993585546118282537e-09
2.342519789255703699e-09
-1.865440302228904557e-09
1.431928631223655657e-09
-1.278832983953037683e-09
1.847649366837345042e-09
-1.672197134233721627e-09
1.347528810757836482e-09
-1.315431430448654737e-09
2.540063437361794740e-10
3.457362134431929412e-09
-3.353274852235799131e-09
1.538824373481517682e-09
3.878292582915054965e-10
-3.943148030316478980e-10
-1.740566912822316681e-09
8.475790624906665016e-10
1.772288128754073711e-09
-1.207629940491727893e-09
-1.118028447599783703e-10
-3.420360581568582248e-09
4.316854484986976104e-09
-1.241326930134789563e-09
1.895926415862447811e-09
-2.007982877194613991e-09
5.665056479475794049e-10
-2.233284723818229622e-09
5.001260516834804548e-10
5.662113999882478765e-09
-9.192344302411115109e-09
4.824375926526514036e-09
-1.203657451487316621e-10
-3.988436247936988366e-10
7.348672781404275156e-10
-2.275180016608757683e-09
1.885632205933518435e-10
3.704781315061467240e-09
-3.621690281008227430e-09
-4.650678175899258804e-10
2.453964809134845382e-09
-1.962605009064866124e-10
1.479655870051388433e-09
-4.687124299795897286e-11
-9.275347739867711994e-09
1.113539166430754790e-08
-3.938008419357430512e-09
-5.081446374788356479e-11
2.285012068448111222e-09
-6.120681295129770660e-09
3.270497178631259771e-09
-6.040688727004805969e-09
1.077924438597221979e-08
-7.625750753081916855e-09
3.436659394562280312e-09
-5.308335819520504373e-10
-2.370627194547836325e-09
-2.906622997844721112e-09
6.093743593060807484e-09
3.426079864254916174e-09
-6.646928066983415206e-09
-4.132406361545548634e-09
1.252738829338184701e-08
-1.330000609645054510e-08
7.959124692646923904e-09
-5.244017997618755089e-10
6.368295168979187793e-09
-3.164825602974818963e-09
5.719190787623062988e-09
-1.233906365971648711e-08
1.129906210262099364e-09
1.409949446085079217e-08
-6.741918481822928300e-09
1.097672622241141482e-08
-1.228516732787454657e-08
-1.157343679225597555e-08
1.431941132334912936e-08
-4.754746041335522477e-09
1.946936112329211710e-09
8.271646978474933576e-10
-9.640405945754437766e-09
7.520881167843995740e-09
1.966059037794565256e-09
-5.986219187015251464e-09
4.914379597709128689e-09
-2.365189710751280927e-10
9.727843530704660679e-11
2.005701216223343408e-09
-3.485666269509302140e-09
-6.139527053417026536e-09
6.805173813351217404e-09
-9.071403600513505694e-09
5.679036602090903330e-09
3.658813519519243940e-09
-1.243749684493034025e-08
1.061628854270857403e-08
-2.975887036793523066e-10
3.089531679101309436e-09
-3.423218153386642371e-09
7.572809573863636956e-09
-9.005500622993878324e-09
4.806844533522536267e-09
-3.020162370193091306e-09
-9.439489075807605545e-09
5.228017505021220757e-09
-4.768358888296297948e-09
8.569892262846878772e-09
-7.866216067409226298e-09
-8.710906298364795575e-09
-7.811171844757103244e-09
1.248746120396937442e-08
-4.774081047154155044e-09
3.059827495544009679e-09
7.899869591820873893e-09
-1.419097839239213954e-09
1.542961177228296954e-09
-1.666642655134831230e-08
2.601745948543898734e-08
-1.183447594088615773e-08
2.193907111536219645e-08
-1.151519452013971545e-08
9.849563831210161879e-09
-3.485792876567472831e-09
-4.815524944079552228e-09
2.041610730474374691e-08
-1.265131444050382470e-08
-1.046020066917952018e-08
3.221182154344859327e-08
-3.869610609719131844e-08
6.429902110749452504e-09
9.409444390318100204e-09
-2.225810058487098786e-08
1.463206812657436018e-08
1.202685775969491999e-08
-2.199212201237088493e-08
3.005230905794853413e-08
-4.863842937782858478e-08
4.157716877728478977e-08
-2.002090504493736489e-08
1.413408520084535880e-08
2.820032635186819903e-08
-7.031525262046756097e-08
5.134858960254007343e-08
-3.297742776076084681e-08
2.604371805714489341e-08
-1.152319653585642811e-08
-1.833265644846093778e-08
6.121214121690421450e-08
-4.944811277107774572e-08
3.315212171450809819e-08
-4.083090757167617824e-08
2.377620184068618414e-08
-4.759766726591951880e-09
1.616560818540335731e-08
1.962817491873991571e-09
-2.447639457781036754e-08
1.614746019534818444e-08
-2.649551237438041440e-08
3.372601441176126258e-08
-7.393288546653220550e-08
9.697975893521726398e-08
-4.901678593571823228e-08
-1.624180737819225229e-08
-8.260140932359050225e-09
1.494946749724945789e-09
8.752165332748251814e-09
-6.337600697015055573e-08
1.095530014483259151e-07
-9.578317089475874013e-08
7.509751437373424210e-08
-7.426135728572091921e-08
3.886119914753294324e-08
-4.241601690713192596e-08
4.923912434728894283e-08
1.825864320847969680e-10
-5.804470992742949420e-08
7.022277290560929863e-08
-6.269214015627855296e-08
1.781764719099854233e-08
-5.344825748654358222e-09
-4.996832420056662727e-09
1.327669457706903700e-08
1.019881168407010819e-08
-1.469933058606542886e-08
6.970825819352377550e-09
-7.301657782565751376e-08
5.505409741979327976e-08
4.339688577936762215e-08
-9.609684245570626615e-08
8.928796133012006919e-08
-4.796493724423811500e-08
-4.684179367997476362e-08
9.124412780892043884e-09
1.060549985054670685e-07
-3.457342540036378864e-08
-9.642852033531212896e-08
5.228291410919183591e-08
-4.214922216805305766e-08
-3.003481346963710052e-08
9.932643328658397053e-08
-1.122320224464234961e-07
5.775740939684137487e-08
3.819846147029570815e-08
-9.743795292838086652e-08
5.797637793458765287e-08
-1.002686860207546715e-07
6.793245781733237010e-07
1.868514975633672748e-06
-1.001047948756550454e-06
1.115405488028020642e-06
2.743059232750144627e-06
-7.549484596591077290e-06
2.248493937095918938e-06
5.234778175558507662e-06
1.725665673454890303e-06
9.227689829194307691e-07
-1.346015352932106168e-05
3.223243916494755723e-06
-2.602616060248807983e-06
7.023636858227710889e-07
2.387669341685771940e-06
-6.594174423946164154e-06
1.290008737864223320e-05
-2.126561033699569947e-05
2.364946611024820733e-05
3.421412883879149103e-05
-2.882075326274269322e-05
1.253453613656724253e-06
1.233520057397630154e-05
-9.240150075195963097e-06
9.884088191882550722e-06
-9.871976822650382899e-06
6.445546384653555450e-06
1.680004906710885759e-05
-2.060836460626713773e-05
4.567201479338534043e-05
-1.484688224903663034e-05
-2.208362174041522685e-05
-1.097833542137993668e-05
-4.586408253412499469e-05
1.124907096643895654e-04
-4.989173574032612635e-05
-1.932756014977332626e-05
-6.315317440330758814e-06
8.799484830690484927e-05
-1.317486163821546263e-04
2.835255681832293817e-05
5.081730197308009789e-05
1.243567030420611452e-05
-4.102336590117161563e-05
-4.379981155672174609e-05
1.623454295621995502e-04
-2.283621237530175652e-04
1.691688219856990472e-04
-7.078379584064820040e-05
-9.131460835543059318e-05
7.457163051377557750e-05
1.427176059570767208e-05
-6.666354268722307630e-05
-1.389243809356011106e-04
2.058310903487736709e-04
1.360601181631393430e-04
-3.103468293973454806e-04
1.494793097067681487e-05
-2.136714211734176694e-05
1.957267881621885253e-04
-8.921600395009332551e-05
-7.238457466807179941e-06
-2.248648653790930041e-05
1.265633791894538174e-04
-1.717995287525871106e-04
5.976920386575879096e-05
2.672126254957690739e-04
-2.217673842712097887e-04
5.153029736224001844e-05
-1.168339863327760852e-04
1.641076297999727318e-04
-2.343498928483456201e-04
-1.073897515192004382e-04
3.884395139612945025e-04
2.287752810369719780e-05
-2.949748549570460621e-04
4.290518545048069288e-04
-4.212496732142467781e-04
5.309291160271456533e-05
6.653132539430339776e-05
9.150669746132988891e-05
-2.482011324844157762e-04
-2.026956778183736096e-04
2.164342353698084365e-04
3.896627961896305392e-04
-6.624513568255774310e-04
1.433475183378885021e-04
1.275315523862341482e-04
-2.463893759441226905e-05
5.494195850691552252e-05
-7.302439405119098836e-04
4.204662854922144866e-04
-8.380863173051492088e-04
5.859178841149392802e-04
-4.093268021431728521e-04
4.794858906051469027e-05
2.773540288829312583e-05
4.709875626662807235e-05
4.201639611041696476e-04
-7.709006136813328913e-04
1.478700796498366721e-04
-5.425454208212721063e-04
8.780721724117590554e-04
5.470385065547422876e-04
-1.565362310006090940e-03
-1.140410023953153384e-04
3.987016116350251826e-04
1.104250758673930299e-04
-9.624511029082544189e-04
9.452683103671477571e-04
1.579985857912413749e-04
-3.368974585815642797e-04
1.725622780353389119e-04
-8.086786359744191355e-04
6.865141035909891332e-04
-6.448133465011829379e-04
1.153923257685540715e-03
-4.668033582726875685e-04
-2.650651667875248557e-04
1.019777498976137675e-03
-1.009238339037432652e-03
1.437829097574366832e-03
-1.137807136226340332e-04
-6.099879440500735606e-04
-3.087319097029028736e-04
7.683418834391747554e-04
-1.132776907732946370e-04
-6.109604983772776166e-04
3.237167596434054051e-04
9.850714618241662723e-04
-2.962221933266562246e-03
1.819906171971363840e-03
-6.921356466133010699e-05
-8.596450988962167639e-04
-2.525145394486894013e-04
8.660537013134295137e-04
-6.578614964719287084e-04
-6.845356505812694170e-04
1.315986446977002178e-03
-1.567994985402720864e-03
7.649964679150023095e-04
7.166925675761159908e-05
1.406897293970699181e-03
-1.455067804885135097e-03
-8.103768228577834520e-04
5.668485498889763718e-04
1.959653586047771512e-04
-7.953682879313639376e-05
7.131960323512598343e-04
-4.793412464717261567e-04
-6.364520853585076132e-04
3.172641079486338000e-04
1.774800348146088336e-03
-2.532554279031346001e-03
2.764463789620530410e-03
-1.358154132352906718e-03
2.286728933661094643e-04
-1.053523969958058970e-03
-1.248499950850745499e-03
2.659792498455271215e-03
-5.846856748368656209e-03
4.534106075548105519e-03
1.359313932718847484e-03
-3.904593912728585026e-03
-5.580458856400960510e-04
2.262292273926824748e-04
4.028871808700429380e-03
-5.047411308505389549e-03
2.565461321129575839e-03
-2.401185896683061261e-03
2.077171140521416604e-03
-2.734745989468323479e-04
2.851033711972705831e-03
-4.468452593998639699e-04
-7.984580947835218101e-03
7.250590743456547527e-03
1.043816218875325344e-03
-6.199768611201500468e-03
5.893218901045660374e-03
6.846740751224322796e-04
-7.019100537491704261e-03
6.850694481975450056e-04
5.041608358918328592e-03
-2.584287194081408279e-03
9.548314703972937689e-04
-1.026277037971534689e-04
3.566096950911590291e-04
-1.188633156657015189e-03
-3.954699514707060715e-03
5.184035731426450688e-03
2.771083128352835878e-04
7.335407059696485987e-04
1.971744437185229959e-03
-2.395238840945446146e-03
-1.829404474641915801e-03
-3.713501004571725939e-03
1.099081800058297753e-02
-1.020200494652302725e-02
8.662427097573976997e-03
-3.113315828885243608e-03
-2.315143833759858438e-03
8.760981447637816721e-03
-1.922145262745422745e-03
-5.618704958895104351e-03
1.091302044147135497e-02
-5.744497003267901025e-03
2.510920560288565362e-03
1.614831831685675789e-04
-8.433118866093242127e-03
1.280620576513417930e-02
-4.759813863152370650e-03
4.809717861748811010e-03
-3.412735567110761203e-03
-4.373808051776492678e-03
3.028669432638284031e-03
2.753109708678480594e-03
-7.149495108665637755e-03
1.252248479199509490e-02
-1.336755049877351442e-02
8.632329964466389782e-03
-2.842038491004728051e-03
-6.928828665837459544e-03
1.178147172595842007e-02
-5.344665104686816687e-03
1.850149937595357841e-03
5.293250293003481932e-03
-2.927419558607077810e-03
2.933609861529851148e-04
-8.158037997435946265e-04
-2.018406219301549509e-03
9.682115483336320438e-03
-1.420803432997738355e-02
3.760413274078810639e-03
1.251780712831968533e-02
-1.201165328587130987e-02
1.452114881793642454e-03
-1.137126611628458406e-03
3.376038073836379327e-04
-1.018385389458548174e-02
-4.819037425369904204e-03
1.595476100392648200e-02
-8.054621508934323160e-03
6.975055391230111645e-04
-1.075007461883420445e-02
1.195376830873673413e-02
-1.452788364880064353e-02
9.943291644509518606e-03
6.958511270315215214e-03
-9.331943214584553781e-03
1.720964883079473262e-02
-1.230317400705567554e-02
2.460289453158848172e-02
-3.297686787850451218e-02
6.869157727291214099e-03
1.858454308562901280e-02
-1.036590979359315601e-02
1.135542922995530501e-03
-1.441145008940353245e-03
-8.637745076833125424e-03
2.466038512309029485e-02
-2.213019500780966098e-02
1.953407049850849897e-03
5.456039737762818920e-03
-6.516772365666390066e-03
1.753578102191785670e-02
-7.042309297835780413e-03
-8.151042300173938493e-03
-1.006288669858607099e-03
9.122226288396845240e-03
-1.596880173829251515e-02
1.471140078783972349e-02
2.059593289918257297e-02
-1.810796428939837055e-02
-2.086811709692815153e-02
3.462927434041610658e-02
-2.745708145586789328e-02
2.814849536061378443e-02
-3.904747165234484507e-02
4.475423739201239703e-02
8.559162702255682792e-03
-3.036760737622558673e-02
2.618460322435769982e-02
-1.380315578196411597e-02
-5.449538851520469018e-03
2.608905615213047424e-02
9.780426855628420596e-03
-1.658754048490984623e-02
-3.228722702160649605e-02
2.746569299036619172e-03
1.046301166304181018e-02
-2.587721394002001629e-02
5.380482989636342639e-02
-1.879339438216687252e-02
-1.051426757809381662e-02
-3.798632882844099612e-03
6.983644692417523281e-03
1.542665902072959394e-02
-6.080397148816139852e-02
6.304107683941517770e-03
5.406403115295506379e-02
-7.742474436565455198e-02
5.447770427699261120e-02
-9.685433880699004239e-02
8.835273036098192923e-02
-1.244508630587173870e-02
-3.421326117579251425e-02
1.986973103624864456e-02
-1.237644211467670008e-02
5.357554385681917442e-02
-4.117149820297455465e-03
-6.608360981438787807e-02
4.675415223452301927e-02
-2.233269567916182016e-02
1.091262342791391449e-01
-4.489464918601254739e-02
-8.554617747423720608e-03
-6.957663645914846651e-02
6.332713440181292341e-02
-2.116768292640996973e-02
-8.345817033156799347e-02
1.780711311566786081e-01
-1.414121641237816307e-01
8.622966394760608888e-04
4.168558108958503317e-02
1.213187271569951542e-02
6.979155328514258239e-02
-1.852615259455817620e-01
2.141271716511592982e-01
-1.873238937337695920e-01
1.337501845491948504e-01
-1.000247467362741505e-04
4.261730460963145117e-02
-4.822359557395983209e-02
-2.971982710915269110e-02
1.752390117152102522e-01
-1.005053759857793272e-01
-1.174779389088008996e-01
1.282065842318662607e-01
-1.104824275599636252e-02
-1.035892795607536998e-01
2.504112241118719995e-01
-1.304468966020933818e-01
1.089909489361534645e-02
9.087717983628590401e-03
1.296730281119440331e-02
1.218292542435764764e-01
-1.646434132135159989e-01
7.901365021743775308e-02
3.536569819293106098e-02
-1.461426972272841240e-01
1.093376641437339286e-01
3.478778062301043916e-02
-1.129090513665798046e-01
1.171841214482879368e-01
-5.330685836705935376e-02
1.833761444069659241e-01
-2.812405558215494983e-01
1.756437482370066527e-01
3.182615601044508358e-02
-1.062578310725210695e-01
-1.626370758244856662e-01
3.037504243668050496e-01
-2.638743863924630784e-02
-3.074748005134593787e-01
1.302448558508035870e-01
2.171990354571468329e-01
-2.449716636125480185e-01
2.200063630097895961e-01
-1.509713599077630586e-01
3.620294084204761509e-02
3.006388875936695237e-01
-3.100514955464470646e-01
1.961221967014381007e-01
-1.308404047169064166e-01
2.810778304731974264e-02
1.808053231680450124e-01
-9.177684734218793938e-02
-2.338114688933000673e-01
3.894013575593182619e-01
-3.352266999086478405e-01
8.912320863929572290e-02
4.107207625064400458e-02
6.860616247316875249e-03
-5.571771097926596361e-02
-1.629633892007137375e-01
5.600216100501351213e-02
5.751478368361107041e-02
2.222918795262457947e-01
-2.028430612761004115e-01
-5.793873793357322277e-02
9.867750720999513003e-02
-1.828066336553625659e-01
4.208532065396359823e-01
-2.240290359214791582e-01
-7.656164817051053229e-02
2.513321333413501835e-01
-3.596740236837612237e-01
1.675803847966178539e-01
7.914594568483707127e-02
1.668930615837922182e-01
-4.799376084747626336e-01
3.060363692478027531e-01
-2.413095079560281520e-01
2.696695182807268276e-02
1.769808347905749146e-02
-4.554105790719792379e-02
-7.117577700770966187e-02
-1.253388225861138960e-01
-1.497312352908988786e-02
3.001041045908539040e-01
-4.583414435368858564e-02
-3.478291549847650210e-01
9.960972136177323466e-02
-2.705988948594810206e-01
3.491500437293684200e-01
-1.847331802651257793e-01
-1.864642683271718615e-01
1.636081805770846498e-01
2.449290341452853292e-01
-4.137015013579337652e-01
6.646455675397081042e-02
-6.999482892913110044e-02
6.412118190789132255e-01
-5.635420593589499649e-01
3.022216655803920959e-01
6.667615266819583442e-02
-3.354259994694719360e-02
-2.072081568222640113e-01
2.038478936658786045e-01
1.614365969773492171e-01
-2.282902415834398846e-01
1.142804613489105670e-01
1.537545261064501012e-01
-4.759667521871048801e-01
5.998985583280203038e-01
-2.709620916078023800e-01
-3.323409893242925683e-01
1.191373926222520918e-01
5.363680861496689101e-01
-1.934496921696852167e-01
-3.789098337183015586e-01
1.430803274248396983e-01
-5.123950756265163164e-01
7.706224562736425643e-01
-3.359267694001454307e-01
3.494777739391655702e-01
-2.247545481631848530e-01
1.489099850546223014e-02
-1.433190015219078517e-01
1.008537744631754773e-01
-1.793150629658072093e-01
5.639986020851455173e-01
-1.482184097072988260e-01
-3.270645066685006208e-01
1.724525237918335396e-02
2.751959505332381983e-01
-2.038471115382209375e-01
1.494636170840750733e-01
3.241874116005682982e-03
-5.915326832305436988e-02
-3.809640065263449893e-01
6.784257500643855465e-01
-6.285078072578170749e-02
-4.934060812789786699e-01
2.382388604734187454e-01
-5.539999766078151922e-02
6.094381685487539890e-01
-9.172282821533104258e-01
7.542686487082653768e-01
-1.433201916296519274e-01
-5.802111904322053704e-01
5.684416352053293098e-01
-3.040055039370735401e-01
1.157387116246641479e-01
5.513953303574715692e-01
-5.289706533496669749e-01
1.016426338289987408e-01
-5.853689887468774278e-02
3.275179537149192077e-02
1.665844083218278038e-01
5.667355170013362031e-02
-1.724908271227403311e-01
-1.754651208989874978e-01
1.739757625033192534e-01
-2.740868798546633456e-01
4.235092600250113248e-01
-9.690321783084304696e-02
3.267560730390453583e-02
-8.936953709850914418e-02
2.397048112397022757e-01
-5.131914688920935497e-01
6.619338785420714188e-01
-2.673859400052683299e-01
-1.151272848534151683e-01
5.637693632707350133e-01
-9.029857323561123472e-01
5.802352287687355670e-01
1.556759376284347907e-01
-3.013212158674293262e-01
7.929213533972366557e-02
-2.263499790002531376e-01
5.132781761208025095e-01
1.649299341474219638e-02
-5.100450035169598051e-01
5.251980539263723102e-01
-2.979965280004530648e-01
-2.666975502930010178e-01
3.949541012097701476e-01
-2.263959395309454448e-01
2.403468098956575150e-01
-2.072963962215607081e-02
-5.810740224972830159e-01
